Precomputing tweaks
Tweaks precomputed
Awesome
Let's have a look:

25.163391
25.162598
25.162842
25.160278
25.161499
25.153931
25.162354
25.160950
25.161072
25.159485
25.157837
25.091125
25.159302
25.158203
25.162476
25.164673
25.162903
25.158875
25.160828
25.160461
25.159119
25.160645
25.158997
25.161926
25.160339
25.159363
25.163147
25.163025
25.160767
25.161560
25.163147
25.160889
25.162659
25.161438
25.163086
25.161377
25.164856
25.157410
25.158081
25.249756
25.249023
25.251831
25.248840
25.250671
25.248596
25.249695
25.250122
25.248901
25.253723
25.250916
25.229065
25.249268
25.251831
25.247498
25.249390
25.222412
25.246765
25.250122
25.225891
25.237793
25.248840
25.250732
25.250916
25.231079
25.230591
25.227478
25.248535
25.247559
25.210632
25.223328
25.230530
25.247498
25.251587
25.192505
25.251343
25.250305
25.251892
25.186646
25.245789
25.228882
25.250122
25.247742
25.250122
25.249023
25.245239
25.208618
25.244202
25.223999
25.237122
25.242554
25.246094
25.248352
25.245239
25.247131
25.250732
25.246643
25.246399
25.251892
25.249634
25.247986
