Precomputing tweaks
Tweaks precomputed
Awesome
Let's have a look:

30.438477
30.452637
30.455078
30.467773
30.460449
30.464355
30.459473
30.458984
30.459961
30.469238
30.468750
30.461914
30.465332
30.444336
30.440918
30.452148
30.462891
30.462402
30.462891
30.461426
30.453613
30.458008
30.457031
30.455078
30.461914
30.458008
30.462891
30.467285
30.463379
30.461426
30.457520
30.464355
30.463379
30.445801
30.461914
30.458984
30.443359
30.459961
30.462891
30.466797
30.453613
30.454590
30.455078
30.458984
30.462891
30.466797
30.461426
30.463867
30.465332
30.453613
30.455566
30.461426
30.459961
30.457031
30.446289
30.461914
30.621094
30.642578
30.628418
30.628906
30.627441
30.620605
30.645020
30.640137
30.645020
30.625977
30.625000
30.644043
30.632324
30.643066
30.643555
30.640625
30.634277
30.637207
30.625000
30.644043
30.639160
30.632324
30.643555
30.622070
30.632324
30.626953
30.645996
30.611816
30.642578
30.638672
30.635254
30.594238
30.636230
30.634277
30.623535
30.648438
30.643066
30.637695
30.643066
30.640625
30.644531
30.635742
30.621094
30.649414
