Precomputing tweaks
Tweaks precomputed
Awesome
Let's have a look:

50.021484
50.013672
50.021484
50.017578
50.019531
50.027344
50.041016
50.015625
49.986328
50.009766
49.994141
50.003906
50.007812
50.003906
50.027344
49.996094
50.000000
50.017578
50.027344
50.003906
50.003906
49.996094
50.019531
49.990234
50.001953
49.994141
50.009766
49.996094
50.011719
50.019531
50.025391
50.001953
50.054688
49.966797
49.998047
49.998047
50.017578
49.990234
50.007812
50.042969
49.998047
50.017578
50.025391
49.998047
50.013672
50.015625
50.013672
49.929688
50.009766
50.007812
50.001953
50.019531
50.005859
50.009766
50.013672
50.027344
50.019531
50.009766
50.039062
50.019531
50.021484
50.019531
50.031250
49.978516
50.037109
50.029297
50.011719
50.019531
50.035156
50.021484
50.019531
50.013672
50.033203
50.019531
49.960938
50.025391
49.996094
49.982422
49.984375
50.019531
50.015625
50.025391
50.011719
50.009766
50.023438
50.009766
50.011719
50.017578
50.015625
50.017578
50.033203
50.035156
50.033203
50.046875
50.060547
50.029297
50.048828
50.052734
50.037109
50.052734
