Precomputing tweaks
Tweaks precomputed
Awesome
Let's have a look:

42.321289
42.323242
42.328125
42.326172
42.330078
42.325195
42.323242
42.318359
42.328125
42.323242
42.322266
42.311523
42.326172
42.321289
42.331055
42.319336
42.333008
42.322266
42.316406
42.319336
42.326172
42.330078
42.315430
42.321289
42.324219
42.313477
42.323242
42.316406
42.307617
42.314453
42.314453
42.327148
42.316406
42.309570
42.313477
42.317383
42.318359
42.315430
42.312500
42.321289
42.306641
42.309570
42.300781
42.320312
42.312500
42.326172
42.319336
42.319336
42.318359
42.308594
42.326172
42.324219
42.315430
42.334961
42.334961
42.324219
42.311523
42.311523
42.327148
42.322266
42.305664
42.302734
42.306641
42.306641
42.305664
42.293945
42.306641
42.313477
42.309570
42.314453
42.319336
42.316406
42.321289
42.316406
42.321289
42.312500
42.309570
42.311523
42.316406
42.310547
42.322266
42.313477
42.311523
42.316406
42.308594
42.306641
42.307617
42.301758
42.298828
42.294922
42.288086
42.282227
42.304688
42.307617
42.309570
42.303711
42.304688
42.320312
42.308594
42.313477
