Precomputing tweaks
Tweaks precomputed
Awesome
Let's have a look:

25.978638
25.986084
25.982056
25.986694
25.986328
25.984863
25.986328
25.985840
25.985474
25.980225
25.987183
25.984497
25.982056
25.984375
25.980835
25.988647
25.985107
25.987183
25.982178
25.984253
25.987427
25.986084
25.978638
25.984741
25.983887
25.985962
25.986572
25.980591
25.985229
25.981201
25.982910
25.986694
25.980591
25.982910
25.985107
25.984619
25.985718
25.985229
25.984741
25.982544
25.982422
25.987427
25.984863
25.986816
25.985474
25.987427
25.988770
25.984009
25.984253
25.985962
25.983887
25.986450
25.984497
25.985107
25.986206
25.981812
25.979004
25.981689
25.985840
25.984741
25.986084
25.982788
25.980469
25.984985
25.987427
25.981812
25.990601
25.985474
25.986206
25.982666
25.986206
25.982300
25.982544
25.985352
25.981323
25.983398
25.988159
25.986206
25.981201
25.986938
25.985474
25.986938
25.988037
25.986938
25.980347
25.984619
25.983398
25.985596
25.983398
25.985107
25.987427
25.986572
25.983154
25.982910
25.986938
25.984619
25.983643
25.979858
25.983521
25.981812
