Precomputing tweaks
Tweaks precomputed
Awesome
Let's have a look:

24.914124
24.913666
24.910889
24.911316
24.906555
24.904663
24.907593
24.905670
24.909210
24.905914
24.909302
24.905212
24.910095
24.910309
24.906738
24.907349
24.907928
24.911652
24.909760
24.909149
24.910431
24.905548
24.909424
24.910461
24.910187
24.908356
24.908661
24.907562
24.910309
24.910583
24.908844
24.909729
24.908447
24.910187
24.905304
24.905731
24.908905
24.908112
24.908417
24.907776
24.910706
24.904785
24.910431
24.914062
24.910217
24.912567
24.904236
24.904816
24.906097
24.905273
24.910004
24.905914
24.900726
24.909637
24.907928
24.909546
24.910889
24.902679
24.910370
24.910034
24.910675
24.911835
24.909851
24.908569
24.909210
24.912109
24.903717
24.906372
24.906067
24.910767
24.914459
24.912292
24.908112
24.912537
24.909607
24.908142
24.906403
24.906616
24.911560
24.908508
24.911194
24.910431
24.912201
24.911499
24.912537
24.911346
24.910736
24.912384
24.909485
24.906128
24.911102
24.914612
24.910461
24.908386
24.907990
24.910278
24.908356
24.908783
24.911102
24.909058
