Precomputing tweaks
Tweaks precomputed
Awesome
Let's have a look:

27.519531
27.516602
27.518311
27.510986
27.517578
27.509277
27.517090
27.515625
27.519531
27.519775
27.520264
27.520264
27.521240
27.521240
27.521240
27.520752
27.519775
27.520264
27.522217
27.517334
27.521240
27.523193
27.520020
27.523926
27.523682
27.441406
27.523193
27.520996
27.521729
27.520264
27.520996
27.521729
27.520996
27.520996
27.521973
27.522217
27.521729
27.523682
27.519775
27.520508
27.521729
27.520020
27.506104
27.459473
27.521240
27.523682
27.523682
27.524170
27.520508
27.524902
27.518066
27.521973
27.521240
27.520752
27.522217
27.520752
27.520508
27.519775
27.512451
27.521240
27.522705
27.521729
27.515625
27.439941
27.522217
27.514648
27.520752
27.521240
27.520508
27.479248
27.501465
27.521729
27.523193
27.521973
27.522705
27.518799
27.521729
27.521240
27.522461
27.522461
27.521484
27.523682
27.519775
27.521484
27.521240
27.523193
27.519531
27.520752
27.522949
27.522705
27.522949
27.520508
27.520996
27.520508
27.516846
27.521729
27.437744
27.524414
27.520752
27.523193
