3.40035
3.36529
3.36326
3.36326
3.36493
3.36642
3.36693
3.36538
3.36465
3.36639
3.36571
3.36518
3.36492
3.36547
3.36563
3.36507
3.36511
3.36653
3.36779
3.36688
3.36879
3.36523
3.36621
3.36522
3.36645
3.36708
3.36507
3.36515
3.36483
3.36482
3.36641
3.36554
3.39977
3.36546
3.36575
3.36496
3.36627
3.3661
3.38957
3.36592
3.36602
3.36478
3.36312
3.36388
3.36397
3.36721
3.36538
3.36451
3.36429
3.36542
3.36613
3.3642
3.36562
3.36589
3.36519
3.36535
3.36548
3.36443
3.36548
3.36941
3.36637
3.36668
3.36593
3.36446
3.36498
3.36598
3.36563
3.36564
3.3662
3.36557
3.36579
3.36683
3.36596
3.36584
3.36638
3.36425
3.36581
3.36678
3.36572
3.36554
3.36668
3.36512
3.36468
3.36754
3.36573
3.36708
3.36479
3.3655
3.36324
3.36372
3.36351
3.36529
3.36526
3.36595
3.3664
3.36497
3.36532
3.36637
3.36769
3.36593
3.36463
3.3661
3.36566
3.36447
3.36568
3.36518
3.36514
3.36545
3.36544
3.36517
3.3645
3.36497
3.36557
3.36584
3.36638
3.36451
3.36621
3.36426
3.36619
3.36484
3.36462
3.36527
3.36536
3.36624
3.3668
3.36613
3.36573
3.36555
3.36463
3.36593
3.36547
3.36488
3.36613
3.36748
3.36526
3.36602
3.36552
3.36631
3.36674
3.36512
3.36693
3.36473
3.36494
3.36523
3.36599
3.36506
3.36504
3.36414
3.36469
3.36469
3.36501
3.36451
3.36575
3.36672
3.36598
3.36439
3.36504
3.36496
3.36594
3.36669
3.36684
3.36415
3.3659
3.36597
3.36647
3.3653
3.36607
3.36447
3.36552
3.36589
3.36675
3.36631
3.36527
3.36586
3.36532
3.366
3.36436
3.36861
3.36507
3.36703
3.3658
3.36467
3.36574
3.36481
3.36591
3.36589
3.36539
3.36465
3.36589
3.36752
3.36459
3.36571
3.36533
3.36539
3.36488
3.36575
3.36515
3.3654
3.36659
3.36478
3.36531
3.36537
3.36387
3.36392
3.36617
3.3653
3.3641
3.36629
3.36409
3.3635
3.3661
3.36543
3.36549
3.36547
3.36515
3.36597
3.36759
3.36453
3.36622
3.36585
3.3657
3.36663
3.36594
3.36588
3.3652
3.36565
3.36639
3.36484
3.36595
3.36461
3.36547
3.36639
3.36524
3.36591
3.36634
3.36585
3.36582
3.36591
3.36492
3.36563
3.36582
3.36521
3.36571
3.36437
3.3654
3.36571
3.36572
3.36494
3.36523
3.36659
3.36621
3.36558
3.36635
3.36385
3.36344
3.36795
3.36625
3.36643
3.36663
3.36592
3.36612
3.36533
3.36446
3.36615
3.36462
3.36474
3.36346
3.36611
3.36613
3.36608
3.36509
3.36711
3.36582
3.36583
3.36519
3.36735
3.3672
3.36554
3.36559
3.36645
3.36646
3.36586
3.3668
3.36621
3.36672
3.36517
3.36418
3.36529
3.3661
3.36595
3.36525
3.36513
3.36608
3.36435
3.36714
3.36677
3.36538
3.36494
3.36656
3.36668
3.36537
3.36432
3.36513
3.36622
3.36583
3.36502
3.36606
3.36597
3.36718
3.36582
3.36505
3.36546
3.36575
3.36532
3.36703
3.36472
3.36746
3.36725
3.36579
3.36475
3.36436
3.36419
3.36599
3.36442
3.36516
3.3651
3.36507
3.36507
3.36507
3.36501
3.36468
3.36508
3.37783
3.36967
3.36525
3.36485
3.36564
3.36383
3.36471
3.36488
3.36502
3.36578
3.36514
3.3651
3.36618
3.36644
3.36649
3.36621
3.36573
3.36492
3.36614
3.36567
3.36697
3.36509
3.36503
3.36459
3.36615
3.36588
3.36552
3.366
3.36636
3.36512
3.36549
3.36532
3.36572
3.36494
3.36661
3.36474
3.36629
3.3659
3.36589
3.36577
3.36575
3.36795
3.36584
3.36557
3.36576
3.3641
3.36378
3.36676
3.36597
3.36587
3.36454
3.36483
3.36626
3.36491
3.36661
3.36589
3.36451
3.36382
3.3654
3.36459
3.36424
3.3644
3.36641
3.36614
3.36621
3.36489
3.36505
3.36476
3.36469
3.36557
3.36498
3.36571
3.36608
3.36548
3.36388
3.36548
3.36594
3.36591
3.3634
3.36434
3.36671
3.36441
3.36549
3.36598
3.36581
3.36608
3.36673
3.36547
3.36596
3.36673
3.36537
3.36462
3.36563
3.36594
3.36557
3.36677
3.36438
3.36606
3.36559
3.36524
3.36514
3.36652
3.36616
3.36435
3.36528
3.3642
3.3662
3.36605
3.36504
3.36605
3.36502
3.3655
3.36504
3.36601
3.36573
3.36641
3.36543
3.3655
3.36597
3.36744
3.3649
3.36619
3.36487
3.36359
3.36283
3.36572
3.36417
3.36629
3.36646
3.36452
3.36459
3.36506
3.36581
3.36446
3.36449
3.36376
3.36487
3.36584
3.3674
3.36725
3.36636
3.36563
3.36592
3.36689
3.36521
3.36639
3.36553
3.36457
3.36566
3.366
3.36555
3.3645
3.36619
3.3655
3.36596
3.36553
3.36571
3.36507
3.36921
3.36694
3.36535
3.36531
3.36562
3.36449
3.36687
3.36512
3.36557
3.36709
3.36507
3.36725
3.36534
3.36603
3.36679
3.36526
3.36593
3.36624
3.36754
3.36618
3.36723
3.36589
3.36309
3.36426
3.36466
3.36495
3.36513
3.36561
3.36724
3.36639
3.36632
3.3672
3.36555
3.36663
3.36705
3.36425
3.36493
3.36619
3.36747
3.36406
3.36362
3.36448
3.3658
3.36515
3.3661
3.36761
3.36576
3.36593
3.36487
3.36586
3.36436
3.36526
3.3646
3.36503
3.36384
3.3645
3.36461
3.36479
3.3666
3.36637
3.36579
3.36617
3.36418
3.36606
3.36641
3.3664
3.36706
3.36633
3.36658
3.36528
3.36631
3.36651
3.36587
3.36569
3.36596
3.36666
3.36752
3.36658
3.36674
3.36717
3.36546
3.36471
3.36494
3.36603
3.36691
3.36654
3.36628
3.36432
3.36569
3.3668
3.36659
3.36452
3.3661
3.36632
3.36432
3.36602
3.36693
3.36675
3.36637
3.36479
3.36589
3.36537
3.36588
3.36608
3.36528
3.36723
3.36572
3.36711
3.36554
3.36533
3.36646
3.36648
3.36543
3.36584
3.36621
3.36596
3.36638
3.36634
3.36688
3.36593
3.36373
3.36702
3.36666
3.36657
3.36501
3.36489
3.36549
3.36473
3.3641
3.36638
3.36508
3.36613
3.3654
3.36532
3.36447
3.36608
3.36528
3.36619
3.3663
3.36517
3.36517
3.36403
3.36484
3.36502
3.3661
3.36686
3.36593
3.36586
3.36536
3.36626
3.3647
3.36529
3.36577
3.3661
3.36506
3.3652
3.36242
3.36857
3.36639
3.36494
3.36607
3.36669
3.366
3.36538
3.36511
3.36372
3.36518
3.36372
3.36351
3.36449
3.36641
3.36502
3.36533
3.36474
3.36551
3.36432
3.36392
3.36479
3.36561
3.36602
3.36463
3.36495
3.36657
3.36596
3.36541
3.36552
3.36586
3.36558
3.36679
3.36524
3.36529
3.3655
3.36466
3.36624
3.36459
3.36593
3.36657
3.36484
3.36588
3.3637
3.36578
3.36465
3.36529
3.36507
3.3668
3.36499
3.36587
3.365
3.3655
3.36487
3.36646
3.3661
3.36504
3.36595
3.36546
3.36692
3.36542
3.36412
3.36434
3.36605
3.36614
3.36534
3.36656
3.36597
3.36482
3.36473
3.36515
3.36521
3.36561
3.36694
3.36654
3.36538
3.36633
3.36498
3.36515
3.3645
3.36831
3.36621
3.36718
3.3648
3.36585
3.36679
3.36554
3.3654
3.365
3.36592
3.36548
3.36519
3.3658
3.36499
3.36395
3.36641
3.36633
3.36527
3.36432
3.36494
3.36513
3.36606
3.36399
3.36487
3.3637
3.36605
3.36577
3.36616
3.36459
3.36572
3.36603
3.36464
3.36422
3.36428
3.36584
3.36623
3.36425
3.3642
3.36418
3.36756
3.36581
3.36583
3.36578
3.3664
3.36621
3.36471
3.36628
3.36571
3.36682
3.36429
3.36505
3.36522
3.3649
3.36602
3.36503
3.36714
3.36536
3.36558
3.36572
3.36452
3.3664
3.36525
3.36605
3.36567
3.36604
3.36507
3.36625
3.36707
3.36415
3.36543
3.36565
3.36588
3.36555
3.36441
3.36515
3.36669
3.36681
3.36498
3.36841
3.36648
3.36567
3.36651
3.36583
3.36575
3.36571
3.36388
3.36461
3.36318
3.36348
3.36569
3.36522
3.36567
3.36621
3.36618
3.36462
3.36524
3.36362
3.3652
3.36644
3.36523
3.36662
3.36538
3.36502
3.3666
3.36457
3.36597
3.36616
3.36602
3.36586
3.36639
3.3651
3.36652
3.36588
3.36652
3.36469
3.36737
3.36558
3.36808
3.36434
3.36491
3.36503
3.36585
3.36496
3.36703
3.36514
3.3651
3.36501
3.36259
3.36413
3.36468
3.36481
3.36523
3.36502
3.36503
3.36592
3.36515
3.36512
3.36487
3.36466
3.36561
3.36527
3.36414
3.36578
3.36482
3.36535
3.36534
3.3654
3.36554
3.3658
3.36534
3.36578
3.36583
3.36558
3.36681
3.36571
3.36474
3.36565
3.36656
3.366
3.36535
3.36549
3.36658
3.36576
3.36713
3.36551
3.36458
3.36415
3.36463
3.36533
3.36721
3.36476
3.36621
3.36637
3.36695
3.36556
3.36517
3.36492
3.36572
3.36501
3.36534
3.36465
3.36627
3.36649
3.36665
3.36345
3.36454
3.36698
3.3651
3.36669
3.36595
3.36544
3.36446
3.36612
3.36608
3.36599
3.36603
3.36887
3.36578
3.36515
3.36522
3.36483
3.36612
3.36557
3.36538
3.36611
3.36639
3.36576
3.36692
3.36543
3.3655
3.36677
3.36481
3.36558
3.36699
3.36453
3.36691
3.36581
3.36622
3.36418
3.36357
3.36433
3.36506
3.36531
3.36598
3.36547
3.36608
3.36559
3.36669
3.36726
3.36654
3.36503
3.36532
3.36502
3.36497
3.36624
3.3679
3.3665
3.36445
3.36565
3.36677
3.3659
3.36456
3.36627
3.36459
3.36616
3.36583
3.36477
3.36553
3.36677
3.36506
3.3643
3.36618
3.36638
3.36483
3.36542
3.3662
3.36676
3.36537
3.3676
3.36599
3.3654
3.36662
3.36503
3.36591
3.36589
3.36527
3.36568
3.3658
3.36595
3.36627
3.36414
3.36567
3.36501
3.36693
